"Rank3"	"Site"	"Date"	"N"	"Rank3Abundance"	"sd"	"se"	"ci"	"ClassAbundance_zulkifly"
"D_2__Acidimicrobiia"	"North"	172	27	0.0390316117752482	0.00872073220185786	0.00167830569475776	0.00344980676261655	0.00082
"D_2__Acidimicrobiia"	"North"	199	27	0.00489514145854002	0.000960218762521251	0.000184794187007524	0.000379849891484043	0.00082
"D_2__Acidimicrobiia"	"Point"	199	27	0.00372393012037909	0.00103578973297304	0.000199337827051946	0.000409744771740376	0.00082
"D_2__Acidimicrobiia"	"South"	172	27	0.0303580726704232	0.0112515967617928	0.0021653708064114	0.0044509834381565	0.00082
"D_2__Acidimicrobiia"	"South"	199	27	0.00332820539074984	0.000414976308652512	7.98622278359483e-05	0.000164159160352396	0.00082
"D_2__Acidimicrobiia"	"North"	178	27	0.0230355274627322	0.00888853816082614	0.00171059996661841	0.00351618858912566	0.00082
"D_2__Acidimicrobiia"	"Point"	178	27	0.0109040442174784	0.000337124439329656	6.48796285991262e-05	0.00013336198655372	0.00082
"D_2__Acidimicrobiia"	"Point"	206	18	0.00957984448380525	0.000728472378944296	0.000171702586352869	0.000362260791441554	0.00082
"D_2__Acidimicrobiia"	"South"	206	18	0.00826367598374801	0.000434376663401486	0.000102383561426792	0.000216010432812301	0.00082
"D_2__Acidimicrobiia"	"South"	214	27	0.00356830729391259	0.000148985954154848	2.86723602455915e-05	5.8936880560187e-05	0.00082
"D_2__Acidimicrobiia"	"North"	214	27	0.00563353516274033	0.000814310305385279	0.000156714091339359	0.000322130428198221	0.00082
"D_2__Acidimicrobiia"	"Point"	185	27	0.0168886875721499	0.00122024711791305	0.000234836667334989	0.000482713682979852	0.00082
"D_2__Acidimicrobiia"	"South"	185	27	0.0157009004935758	0.00278823867898492	0.000536596783958957	0.00110299048610873	0.00082
"D_2__Acidimicrobiia"	"South"	178	27	0.0165386881167008	0.00368488187291938	0.000709155847087325	0.00145769072027372	0.00082
"D_2__Acidimicrobiia"	"Point"	172	27	0.0195046125983181	0.00185501287989759	0.000356997395186366	0.000733818655324399	0.00082
"D_2__Acidimicrobiia"	"Point"	214	27	0.00469621906738361	0.00063086422341173	0.000121409876402955	0.000249561575088268	0.00082
"D_2__Acidimicrobiia"	"North"	206	27	0.010045649519744	0.00305695270072585	0.000588310821554674	0.00120929021277781	0.00082
"D_2__Acidimicrobiia"	"North"	185	27	0.0361384529559082	0.00300834932593875	0.000578957097715723	0.00119006335806591	0.00082
"D_2__Actinobacteria"	"North"	172	114	0.00311597505305672	0.000157877393323917	1.47865726556683e-05	2.92948673284679e-05	0.000136939
"D_2__Actinobacteria"	"Point"	199	114	9.85162114943434e-05	3.6427955343193e-05	3.41179061193661e-06	6.75937255080414e-06	0.000136939
"D_2__Actinobacteria"	"South"	199	114	0.000291790878514189	9.41453585735821e-05	8.8175207066288e-06	1.74690988427051e-05	0.000136939
"D_2__Actinobacteria"	"Point"	178	114	0.000186158500614823	4.60969944467994e-05	4.31737909554325e-06	8.55350666823772e-06	0.000136939
"D_2__Actinobacteria"	"South"	206	76	0.000472571132913794	1.88630554134073e-05	2.16374085035395e-06	4.31039280869275e-06	0.000136939
"D_2__Actinobacteria"	"South"	178	114	0.00140509301167983	0.000334989691474358	3.13746592061013e-05	6.21588586024562e-05	0.000136939
"D_2__Actinobacteria"	"North"	214	114	0.000125261665793302	3.33956336496629e-05	3.12778766450544e-06	6.19671148933763e-06	0.000136939
"D_2__Actinobacteria"	"South"	172	114	0.00164765607853995	0.000350236725524399	3.28026747820984e-05	6.498801501456e-05	0.000136939
"D_2__Actinobacteria"	"South"	185	114	0.00329448415495106	0.00085315774365672	7.99055437749936e-05	0.000158307293935366	0.000136939
"D_2__Actinobacteria"	"South"	214	114	0.000231609778746916	3.80696094147594e-05	3.56554560303205e-06	7.0639889193244e-06	0.000136939
"D_2__Actinobacteria"	"North"	199	114	6.60524819545304e-05	1.19038756309277e-05	1.114900101876e-06	2.20881818454613e-06	0.000136939
"D_2__Actinobacteria"	"Point"	172	114	0.00106113462812474	0.000598963803238187	5.60980999763896e-05	0.000111140453873703	0.000136939
"D_2__Actinobacteria"	"Point"	206	76	0.000185107826826029	9.98525820229514e-06	1.14538766918329e-06	2.28172924294765e-06	0.000136939
"D_2__Actinobacteria"	"Point"	214	114	0.000134906238501283	3.83138664573709e-05	3.58842237108094e-06	7.10931192286974e-06	0.000136939
"D_2__Actinobacteria"	"North"	178	114	0.000468843532517264	0.000106065339130697	9.93392917304111e-06	1.96809053694454e-05	0.000136939
"D_2__Actinobacteria"	"North"	206	114	0.000192716457137758	8.96444789872232e-05	8.39597471060666e-06	1.66339401947961e-05	0.000136939
"D_2__Actinobacteria"	"Point"	185	114	0.000497817202589315	0.0001679329414387	1.57283610248666e-05	3.11607199482488e-05	0.000136939
"D_2__Actinobacteria"	"North"	185	114	0.00196215386106655	0.000756465465512474	7.08494821950524e-05	0.000140365602599537	0.000136939
"D_2__Alphaproteobacteria"	"Point"	172	336	0.103539118104692	0.00896717379280737	0.000489199436611476	0.000962289834021821	0.062375899
"D_2__Alphaproteobacteria"	"Point"	214	336	0.109116239197936	0.00166009895527336	9.0565822900682e-05	0.000178149368467818	0.062375899
"D_2__Alphaproteobacteria"	"Point"	199	336	0.107005141770097	0.0112755563970414	0.000615132032049828	0.0012100081413071	0.062375899
"D_2__Alphaproteobacteria"	"Point"	206	224	0.106626016916565	0.0101507258379336	0.00067822389843967	0.00133654800291313	0.062375899
"D_2__Alphaproteobacteria"	"Point"	178	336	0.114553783183806	0.00627054397506631	0.000342086219217746	0.000672907747793744	0.062375899
"D_2__Alphaproteobacteria"	"South"	185	336	0.0990035392772944	0.00527629957101179	0.000287845740159816	0.000566212895584883	0.062375899
"D_2__Alphaproteobacteria"	"North"	172	336	0.17388780004065	0.0267323781856227	0.00145837079216431	0.00286871832325644	0.062375899
"D_2__Alphaproteobacteria"	"North"	199	336	0.136335732311313	0.0158502511040202	0.000864702088907497	0.00170093006520359	0.062375899
"D_2__Alphaproteobacteria"	"North"	214	336	0.123293607093417	0.00718167984208707	0.000391792755872649	0.000770684015155709	0.062375899
"D_2__Alphaproteobacteria"	"South"	172	336	0.174688568452067	0.00570388831836451	0.000311172618743807	0.000612098512862614	0.062375899
"D_2__Alphaproteobacteria"	"South"	199	336	0.114729963968109	0.00786603829087722	0.00042912757008769	0.00084412423091532	0.062375899
"D_2__Alphaproteobacteria"	"North"	178	336	0.158831279066535	0.0153317811439335	0.000836417233697287	0.00164529175782103	0.062375899
"D_2__Alphaproteobacteria"	"Point"	185	336	0.100729094097634	0.00863831737496785	0.0004712588481886	0.000926999429815132	0.062375899
"D_2__Alphaproteobacteria"	"South"	206	224	0.177053409517958	0.00678368813535828	0.000453254228950608	0.000893209507818244	0.062375899
"D_2__Alphaproteobacteria"	"South"	214	336	0.14237148495667	0.00771674886845255	0.000420983164388674	0.00082810360983162	0.062375899
"D_2__Alphaproteobacteria"	"North"	206	336	0.122701490137409	0.0281386731451011	0.00153509047194103	0.00301963135052793	0.062375899
"D_2__Alphaproteobacteria"	"South"	178	336	0.1514347616859	0.00975223051556694	0.000532027792050521	0.00104653623326614	0.062375899
"D_2__Alphaproteobacteria"	"North"	185	336	0.14255757572546	0.0014283944685781	7.79253068394684e-05	0.00015328458083284	0.062375899
"D_2__Anaerolineae"	"Point"	206	10	0.000113766311497509	7.43486151567712e-06	2.35110964774714e-06	5.31857953017515e-06	0.003697364
"D_2__Anaerolineae"	"Point"	199	15	0.000168720888881228	4.18985000911551e-05	1.08181462056076e-05	2.32026159697356e-05	0.003697364
"D_2__Anaerolineae"	"Point"	214	15	0.000267903768963863	1.12869477438237e-05	2.91427737608952e-06	6.25050332113682e-06	0.003697364
"D_2__Anaerolineae"	"North"	172	15	7.00758278862069e-05	3.01229419985417e-05	7.77771017994159e-06	1.66815292564215e-05	0.003697364
"D_2__Anaerolineae"	"Point"	172	15	5.58264339578577e-06	4.56051715174844e-06	1.17752046525433e-06	2.52553021862827e-06	0.003697364
"D_2__Anaerolineae"	"South"	206	10	0.000247642597085098	4.30415613622834e-05	1.36109367954715e-05	3.07900781642696e-05	0.003697364
"D_2__Anaerolineae"	"South"	199	15	7.75684721313124e-05	3.1518763086313e-05	8.13810963508983e-06	1.74545092101563e-05	0.003697364
"D_2__Anaerolineae"	"Point"	178	15	4.85010956660118e-06	4.13236798637662e-06	1.06697282610916e-06	2.28842911380895e-06	0.003697364
"D_2__Anaerolineae"	"North"	206	15	0.000400470775678872	0.000188490185588698	4.86679566472382e-05	0.000104382385545157	0.003697364
"D_2__Anaerolineae"	"South"	172	15	6.38981718733027e-06	9.3537345888651e-06	2.41512388583459e-06	5.17992556001034e-06	0.003697364
"D_2__Anaerolineae"	"South"	178	15	1.70069865343287e-05	2.02601119900269e-05	5.23113842197809e-06	1.1219676050114e-05	0.003697364
"D_2__Anaerolineae"	"North"	199	15	0.00014102820441012	2.35990657945916e-05	6.09325258723376e-06	1.30687270352197e-05	0.003697364
"D_2__Anaerolineae"	"North"	214	15	0.000310807133166179	0.000145817402287111	3.76498913763473e-05	8.0750985825541e-05	0.003697364
"D_2__Anaerolineae"	"Point"	185	15	4.82627760545955e-05	1.64677981720449e-05	4.25196720460232e-06	9.11956265789413e-06	0.003697364
"D_2__Anaerolineae"	"South"	185	15	1.45579256315907e-05	1.10475517662855e-05	2.85246560047921e-06	6.11793024765127e-06	0.003697364
"D_2__Anaerolineae"	"South"	214	15	0.000368028143719438	2.81383214600124e-05	7.26528336032392e-06	1.55824830351735e-05	0.003697364
"D_2__Anaerolineae"	"North"	178	15	1.48467661963393e-05	1.46116892438286e-05	3.77272194008708e-06	8.09168379431421e-06	0.003697364
"D_2__Anaerolineae"	"North"	185	15	2.74171215296539e-05	1.31621002275491e-05	3.39843966549404e-06	7.28892815424345e-06	0.003697364
"D_2__Armatimonadia"	"Point"	199	9	0.00218402859906948	0.000155512044140969	5.18373480469897e-05	0.000119537138954376	0.003423485
"D_2__Armatimonadia"	"Point"	172	9	0.0137032337239024	0.00238054118572879	0.000793513728576265	0.00182984593943814	0.003423485
"D_2__Armatimonadia"	"North"	172	9	0.00863328215610899	0.00341105884260381	0.00113701961420127	0.00262197193215637	0.003423485
"D_2__Armatimonadia"	"South"	214	9	0.00655796490748014	0.000372770957630621	0.000124256985876874	0.000286537123260076	0.003423485
"D_2__Armatimonadia"	"North"	185	9	0.0014896839292759	0.00015695451049866	5.23181701662201e-05	0.000120645916749619	0.003423485
"D_2__Armatimonadia"	"Point"	206	6	0.00319323000401264	0.000148269690494254	6.05308476718854e-05	0.000155599497521017	0.003423485
"D_2__Armatimonadia"	"Point"	214	9	0.00229513399892677	0.000127240142432489	4.24133808108295e-05	9.78054315377619e-05	0.003423485
"D_2__Armatimonadia"	"North"	178	9	0.0043744598121523	0.00168452366791279	0.000561507889304264	0.0012948395146854	0.003423485
"D_2__Armatimonadia"	"South"	199	9	0.00428721469377873	0.000522363209728798	0.000174121069909599	0.00040152390723771	0.003423485
"D_2__Armatimonadia"	"North"	214	9	0.00601139601789516	0.000240556374098312	8.01854580327707e-05	0.000184907997806809	0.003423485
"D_2__Armatimonadia"	"Point"	178	9	0.00725746453260461	0.000377237982872795	0.000125745994290932	0.000289970782820247	0.003423485
"D_2__Armatimonadia"	"South"	185	9	0.000725667085879006	8.81819485764107e-05	2.93939828588036e-05	6.77826460225214e-05	0.003423485
"D_2__Armatimonadia"	"South"	206	6	0.00606746333829654	0.000750012018075896	0.000306191124206836	0.000787089342119156	0.003423485
"D_2__Armatimonadia"	"North"	199	9	0.0031484957451634	0.000436395288278767	0.000145465096092922	0.00033544311311815	0.003423485
"D_2__Armatimonadia"	"South"	172	9	0.00786455557271371	0.001150654199513	0.000383551399837668	0.000884471114089008	0.003423485
"D_2__Armatimonadia"	"South"	178	9	0.00126909911507952	0.000107857715073499	3.59525716911665e-05	8.29067789910541e-05	0.003423485
"D_2__Armatimonadia"	"Point"	185	9	0.0012869241901481	0.000131118282300951	4.3706094100317e-05	0.000100786433728953	0.003423485
"D_2__Armatimonadia"	"North"	206	9	0.00368182762419173	0.00110328546853271	0.000367761822844237	0.000848060284249033	0.003423485
"D_2__Bacteroidia"	"Point"	206	34	0.00100936258623398	0.000299933231464818	5.14381248334369e-05	0.000104651651845736	0.000821636
"D_2__Bacteroidia"	"North"	178	51	0.000254333952410195	0.000131423988610573	1.8403039381491e-05	3.69635924400428e-05	0.000821636
"D_2__Bacteroidia"	"Point"	199	51	0.000641615281992774	0.000108064929626055	1.51321168737254e-05	3.03937512320948e-05	0.000821636
"D_2__Bacteroidia"	"North"	172	51	0.00256782998310722	0.00323167292289162	0.000452524723201772	0.000908922656237793	0.000821636
"D_2__Bacteroidia"	"South"	199	51	0.00241055184122691	0.000236768891509935	3.3154276329875e-05	6.6592323827477e-05	0.000821636
"D_2__Bacteroidia"	"North"	185	51	0.00023442071708406	0.000167282159560256	2.34241876445422e-05	4.70488655370034e-05	0.000821636
"D_2__Bacteroidia"	"Point"	214	51	0.000742059982876374	7.05324859314937e-05	9.87652353268564e-06	1.98375813374533e-05	0.000821636
"D_2__Bacteroidia"	"South"	206	34	0.000649596970118797	0.000110340343234645	1.89232127488804e-05	3.84995658144854e-05	0.000821636
"D_2__Bacteroidia"	"South"	214	51	0.00262781993283665	0.000167592381963566	2.34676274698397e-05	4.71361169939326e-05	0.000821636
"D_2__Bacteroidia"	"Point"	178	51	0.00131034665744087	0.000248826848805254	3.48427280753446e-05	6.99836789661823e-05	0.000821636
"D_2__Bacteroidia"	"Point"	172	51	0.000250215660812767	3.24693660455449e-05	4.54662066145918e-06	9.13215635883943e-06	0.000821636
"D_2__Bacteroidia"	"South"	185	51	0.000488512275159588	0.000104176510803669	1.45876293301906e-05	2.93001158151027e-05	0.000821636
"D_2__Bacteroidia"	"South"	178	51	0.000941088177698442	0.00027725861594717	3.88239718035993e-05	7.79802423340623e-05	0.000821636
"D_2__Bacteroidia"	"North"	199	51	0.00144841536691451	0.000199876085473524	2.79882501762056e-05	5.62160549231736e-05	0.000821636
"D_2__Bacteroidia"	"North"	206	51	0.00117034153738813	0.000185067000407841	2.59145634881904e-05	5.20509326303184e-05	0.000821636
"D_2__Bacteroidia"	"South"	172	51	0.00064852631487641	0.000321840876477138	4.50667369557055e-05	9.05192051650304e-05	0.000821636
"D_2__Bacteroidia"	"North"	214	51	0.00160294612446668	0.000265906004502671	3.72342882328553e-05	7.47872689126877e-05	0.000821636
"D_2__Bacteroidia"	"Point"	185	51	0.00467585183375087	0.00109555914589158	0.000153408965286672	0.000308130975104494	0.000821636
"D_2__Betaproteobacteria"	"South"	172	282	0.14835847232848	0.0191023958471617	0.00113753111889732	0.00223916413520861	0.421020199
"D_2__Betaproteobacteria"	"South"	178	282	0.17607179138037	0.0226411802825367	0.00134826266537538	0.00265397698137331	0.421020199
"D_2__Betaproteobacteria"	"Point"	214	282	0.079080448809901	0.00477388056021859	0.000284280450399864	0.000559589604452644	0.421020199
"D_2__Betaproteobacteria"	"Point"	185	282	0.123407086066577	0.0141411759565324	0.000842094773716475	0.00165761479789701	0.421020199
"D_2__Betaproteobacteria"	"North"	172	282	0.12635281736485	0.0101461896657026	0.000604196802082606	0.00118932641697095	0.421020199
"D_2__Betaproteobacteria"	"South"	214	282	0.135142496654988	0.00531210840529995	0.00031633145215565	0.00062268014539418	0.421020199
"D_2__Betaproteobacteria"	"Point"	199	282	0.102660696055178	0.0104788726605778	0.000624007786130174	0.00122832319185084	0.421020199
"D_2__Betaproteobacteria"	"Point"	172	282	0.118634456259526	0.0126778665805857	0.000754955968457088	0.0014860871057923	0.421020199
"D_2__Betaproteobacteria"	"Point"	178	282	0.16808750948927	0.0171521325749086	0.00102139463109859	0.00201055618422781	0.421020199
"D_2__Betaproteobacteria"	"North"	178	282	0.15517099624996	0.0295275175240964	0.00175833808053121	0.00346118668939238	0.421020199
"D_2__Betaproteobacteria"	"North"	185	282	0.147306968236828	0.00881115681307417	0.000524696752624632	0.00103283517331498	0.421020199
"D_2__Betaproteobacteria"	"Point"	206	188	0.0955684434565641	0.00915240566304937	0.000667507787112989	0.0013168133266799	0.421020199
"D_2__Betaproteobacteria"	"South"	206	188	0.112898579067376	0.00880946219963739	0.000642496064425566	0.0012674719251354	0.421020199
"D_2__Betaproteobacteria"	"South"	199	282	0.140625495572127	0.00519655477644803	0.000309450333694265	0.000609135062175895	0.421020199
"D_2__Betaproteobacteria"	"North"	214	282	0.104908227339777	0.00574251443738198	0.000341961758383817	0.000673131919000302	0.421020199
"D_2__Betaproteobacteria"	"South"	185	282	0.16503501508055	0.00419696289873808	0.000249925503605425	0.00049196388111975	0.421020199
"D_2__Betaproteobacteria"	"North"	199	282	0.147599710129592	0.0105388701974867	0.000627580587460289	0.00123535604437479	0.421020199
"D_2__Betaproteobacteria"	"North"	206	282	0.0926897888161615	0.0171530336684579	0.00102144829043858	0.00201066180953127	0.421020199
"D_2__Clostridia"	"South"	172	123	0.00135608096269157	0.000512819857417985	4.62394093488279e-05	9.1535529128233e-05	0.000273879
"D_2__Clostridia"	"Point"	206	82	0.000550954112385348	6.56274487517359e-05	7.24733931805298e-06	1.44199319225815e-05	0.000273879
"D_2__Clostridia"	"North"	178	123	0.000478998814437885	0.000113154409882295	1.02027895419577e-05	2.01974409374841e-05	0.000273879
"D_2__Clostridia"	"Point"	214	123	0.000463605457056355	8.98769189586604e-05	8.10392886824898e-06	1.60425366028499e-05	0.000273879
"D_2__Clostridia"	"North"	172	123	0.000971718215553688	0.00026671497577443	2.40488794766863e-05	4.76071588897876e-05	0.000273879
"D_2__Clostridia"	"South"	199	123	0.00161093899932002	1.76926593501876e-05	1.5952933692579e-06	3.15804255993346e-06	0.000273879
"D_2__Clostridia"	"Point"	199	123	0.00120066424827152	0.000257975350093791	2.32608539672271e-05	4.60471836870179e-05	0.000273879
"D_2__Clostridia"	"Point"	172	123	0.00213972456535059	0.000593024295487174	5.34711999860831e-05	0.000105851580994984	0.000273879
"D_2__Clostridia"	"South"	178	123	0.000399786666446065	0.000154650820252305	1.39443948597914e-05	2.76043223700126e-05	0.000273879
"D_2__Clostridia"	"South"	206	82	0.0018766743630453	0.000188883030402307	2.08586412969683e-05	4.15021533144713e-05	0.000273879
"D_2__Clostridia"	"North"	185	123	0.00026455876060429	6.34416780147281e-05	5.72034346382288e-06	1.13239912258855e-05	0.000273879
"D_2__Clostridia"	"Point"	178	123	0.00530843548876298	0.00152315571816507	0.000137338325993951	0.000271874933449182	0.000273879
"D_2__Clostridia"	"Point"	185	123	0.00439487821402146	0.00123821171347321	0.000111645790332832	0.000221013992976417	0.000273879
"D_2__Clostridia"	"South"	185	123	0.000542147619323249	5.24505649382053e-05	4.7293081725932e-06	9.36213788379128e-06	0.000273879
"D_2__Clostridia"	"South"	214	123	0.0016818773254286	0.000183931961244817	1.65845864299279e-05	3.28308452814361e-05	0.000273879
"D_2__Clostridia"	"North"	214	123	0.000704231469378279	7.71393262885011e-05	6.95541881530447e-06	1.37689462416003e-05	0.000273879
"D_2__Clostridia"	"North"	206	123	0.00152476523108483	0.000873366419414964	7.87487980324694e-05	0.000155891111016044	0.000273879
"D_2__Clostridia"	"North"	199	123	0.00116628864501452	0.000147287632462778	1.32804785753744e-05	2.62900337740554e-05	0.000273879
"D_2__Cytophagia"	"Point"	199	90	0.0254164924912157	0.000982348527914073	0.000103548626810732	0.00020574891583605	0.057240671
"D_2__Cytophagia"	"South"	172	90	0.157271986754321	0.0279615602474843	0.0029474072438024	0.00585643541220588	0.057240671
"D_2__Cytophagia"	"North"	199	90	0.0319964294283235	0.00320383617769192	0.00033771398571848	0.000671030496147989	0.057240671
"D_2__Cytophagia"	"North"	206	90	0.0222680749208005	0.00351249855318338	0.000370249856870186	0.000735678579096308	0.057240671
"D_2__Cytophagia"	"Point"	206	60	0.0232233003589658	0.000385573950623985	4.97773829832698e-05	9.96043132828524e-05	0.057240671
"D_2__Cytophagia"	"South"	178	90	0.0361958207736994	0.00318289417371458	0.000335506504673923	0.00066664427833289	0.057240671
"D_2__Cytophagia"	"North"	185	90	0.0310961431858929	0.00136093870541404	0.000143455535499643	0.000285043093364058	0.057240671
"D_2__Cytophagia"	"South"	214	90	0.0530806884273565	0.00191734834878756	0.000202106261671054	0.000401580836977228	0.057240671
"D_2__Cytophagia"	"Point"	214	90	0.0357767241479302	0.0026899098723639	0.000283541396574758	0.000563390715422307	0.057240671
"D_2__Cytophagia"	"Point"	185	90	0.0271298313920594	0.00425087705080952	0.000448081784463246	0.000890328961365234	0.057240671
"D_2__Cytophagia"	"North"	172	90	0.0963896727855313	0.0194837608837631	0.00205376872595955	0.00408079471219379	0.057240671
"D_2__Cytophagia"	"North"	178	90	0.0781470845824235	0.00834766195483157	0.000879920830480046	0.00174838394741573	0.057240671
"D_2__Cytophagia"	"South"	199	90	0.0215895193732152	0.000505814457874927	5.33175253442687e-05	0.000105940787169448	0.057240671
"D_2__Cytophagia"	"Point"	172	90	0.091324014014204	0.0164251465922931	0.00173136247112664	0.0034401803512532	0.057240671
"D_2__Cytophagia"	"South"	206	60	0.0350849743278464	0.000530965300797726	6.85473255801201e-05	0.000137162881666132	0.057240671
"D_2__Cytophagia"	"Point"	178	90	0.0636813412598735	0.00171113039534245	0.000180368980760884	0.000358389322823534	0.057240671
"D_2__Cytophagia"	"South"	185	90	0.027265942676794	0.00199348527952612	0.000210131798843999	0.000417527408391965	0.057240671
"D_2__Cytophagia"	"North"	214	90	0.0335702889289982	0.00362959597385152	0.000382593008784925	0.000760204159035666	0.057240671
"D_2__Deinococci"	"South"	172	15	0.0275587428792698	0.0107088171152109	0.00276500468965286	0.00593034525039775	0.001574803
"D_2__Deinococci"	"North"	199	15	0.0899927298668188	0.0104436985597948	0.00269655137299303	0.00578352748808193	0.001574803
"D_2__Deinococci"	"Point"	206	10	0.0358518546935567	0.00128773425040565	0.000407217325229146	0.000921189589082639	0.001574803
"D_2__Deinococci"	"North"	178	15	0.076988063655031	0.014859128537009	0.00383661049086609	0.00822871110753539	0.001574803
"D_2__Deinococci"	"Point"	214	15	0.0586344804018614	0.00079832551365705	0.000206126761283083	0.000442097933623566	0.001574803
"D_2__Deinococci"	"North"	185	15	0.101149056285081	0.0123693277206464	0.00319374668438969	0.00684990537326063	0.001574803
"D_2__Deinococci"	"South"	206	10	0.0561740888911854	0.000197455463681173	6.24409001677162e-05	0.000141251129565967	0.001574803
"D_2__Deinococci"	"South"	214	15	0.0445288490319769	0.00200526808814605	0.000517757994004724	0.00111048045310436	0.001574803
"D_2__Deinococci"	"Point"	199	15	0.0791565438119144	0.00495644137431501	0.00127974765994503	0.00274478574494406	0.001574803
"D_2__Deinococci"	"Point"	172	15	0.042644851962738	0.0181569737633976	0.0046881104668776	0.0100549969208472	0.001574803
"D_2__Deinococci"	"North"	172	15	0.0369551011620302	0.0125763744724982	0.00324720592584357	0.0069645640426771	0.001574803
"D_2__Deinococci"	"South"	199	15	0.0495122053731224	0.0053384427483039	0.00137837999059085	0.00295633105471152	0.001574803
"D_2__Deinococci"	"North"	206	15	0.10523905569669	0.0187130357273611	0.00483168504860359	0.0103629337724565	0.001574803
"D_2__Deinococci"	"Point"	178	15	0.0852120563114179	0.00334434825428612	0.000863507006184533	0.00185203833178834	0.001574803
"D_2__Deinococci"	"South"	178	15	0.0449683290858807	0.011904826531836	0.00307381299315259	0.00659267318886246	0.001574803
"D_2__Deinococci"	"South"	185	15	0.0436856658856508	0.00109038838799173	0.000281537071172661	0.000603836962406491	0.001574803
"D_2__Deinococci"	"North"	214	15	0.0903130656883536	0.0019498188737009	0.000503441068397632	0.00107977370165036	0.001574803
"D_2__Deinococci"	"Point"	185	15	0.0729995667362014	0.00346491487649583	0.000894637174179644	0.0019188059016969	0.001574803
"D_2__Deltaproteobacteria"	"South"	185	159	0.0212135050030532	0.00116403875308974	9.23142778975193e-05	0.00018232919847353	0.002533379
"D_2__Deltaproteobacteria"	"South"	178	159	0.0162802578260211	0.00270029050710199	0.000214146966855689	0.000422959976632007	0.002533379
"D_2__Deltaproteobacteria"	"South"	172	159	0.0207715591759172	0.00167050127636462	0.000132479368616515	0.00026165895075238	0.002533379
"D_2__Deltaproteobacteria"	"North"	172	159	0.0174901057773705	0.00255600723569344	0.000202704559137373	0.000400360167854823	0.002533379
"D_2__Deltaproteobacteria"	"North"	199	159	0.0299837023324387	0.00378731337229526	0.000300353487551029	0.000593225792273464	0.002533379
"D_2__Deltaproteobacteria"	"Point"	199	159	0.0215137657127918	0.00127272943533544	0.000100934009688293	0.000199353962402391	0.002533379
"D_2__Deltaproteobacteria"	"Point"	206	106	0.0250047170062605	0.00222867032651935	0.000216467598000339	0.000429215259596799	0.002533379
"D_2__Deltaproteobacteria"	"South"	199	159	0.0335383942855001	0.002344754803193	0.000185951151479244	0.000367270645198339	0.002533379
"D_2__Deltaproteobacteria"	"North"	178	159	0.0136453402285055	0.000737589375112395	5.8494642354174e-05	0.000115532304409857	0.002533379
"D_2__Deltaproteobacteria"	"North"	206	159	0.0374781614011607	0.0158789662822579	0.00125928393897096	0.00248720172515518	0.002533379
"D_2__Deltaproteobacteria"	"Point"	214	159	0.0167869912674108	0.00129632567959388	0.000102805313580908	0.00020304995988633	0.002533379
"D_2__Deltaproteobacteria"	"Point"	185	159	0.0140171584444642	0.00129035104255973	0.000102331494043506	0.000202114122674112	0.002533379
"D_2__Deltaproteobacteria"	"North"	185	159	0.0106024695143225	0.00114387758134029	9.07153929749349e-05	0.000179171253537755	0.002533379
"D_2__Deltaproteobacteria"	"South"	214	159	0.0325632699663726	0.00250895475002842	0.000198973054300511	0.000392990102232249	0.002533379
"D_2__Deltaproteobacteria"	"Point"	172	159	0.0129844496221034	0.00288004581861581	0.000228402490339418	0.000451115948057082	0.002533379
"D_2__Deltaproteobacteria"	"South"	206	106	0.0351026906858252	0.00153864007605926	0.000149445935313266	0.000296323683145731	0.002533379
"D_2__Deltaproteobacteria"	"Point"	178	159	0.0128396431393949	0.00155861839400099	0.000123606478889196	0.000244134176589903	0.002533379
"D_2__Deltaproteobacteria"	"North"	214	159	0.0249342692093707	0.00136877732241958	0.000108551102603989	0.000214398422237294	0.002533379
"D_2__Flavobacteriia"	"South"	178	75	0.0246629165766302	0.00388582250308906	0.000448696133636315	0.000894046562389873	0.155631633
"D_2__Flavobacteriia"	"South"	185	75	0.0290742908888811	0.000572433681346883	6.60989480037662e-05	0.000131705028883207	0.155631633
"D_2__Flavobacteriia"	"North"	199	75	0.0640420675462598	0.00438336319654127	0.000506147184295801	0.00100852027967274	0.155631633
"D_2__Flavobacteriia"	"South"	172	75	0.0752429355189586	0.0137788513579731	0.00159104470812992	0.00317022578372632	0.155631633
"D_2__Flavobacteriia"	"North"	185	75	0.0398430861644549	0.00713591551202218	0.000823984548356086	0.00164182505195652	0.155631633
"D_2__Flavobacteriia"	"North"	178	75	0.0426848119875678	0.00340640040032517	0.000393337237619077	0.000783741554230329	0.155631633
"D_2__Flavobacteriia"	"Point"	178	75	0.0747610985805671	0.0031613422167625	0.000365040355969671	0.000727358786765901	0.155631633
"D_2__Flavobacteriia"	"South"	199	75	0.0462582252545713	0.00186604681099769	0.000215472525729992	0.000429338379533501	0.155631633
"D_2__Flavobacteriia"	"South"	206	50	0.0455955894627623	0.00138715256871246	0.000196172997575384	0.000394224398120907	0.155631633
"D_2__Flavobacteriia"	"Point"	206	50	0.0735611596435623	0.00477188625305624	0.000674846625717386	0.00135615506790188	0.155631633
"D_2__Flavobacteriia"	"Point"	214	75	0.0556486448194046	0.00278859806251496	0.000321999568410936	0.000641598145488278	0.155631633
"D_2__Flavobacteriia"	"Point"	185	75	0.0359867382080479	0.00406930185697057	0.00046988250450716	0.000936261327855068	0.155631633
"D_2__Flavobacteriia"	"North"	172	75	0.104421475987579	0.0324554623685364	0.00374763398702965	0.00746732372317492	0.155631633
"D_2__Flavobacteriia"	"South"	214	75	0.0440995834880609	0.00285173332349273	0.00032928980039511	0.000656124249806705	0.155631633
"D_2__Flavobacteriia"	"Point"	199	75	0.0529212345989893	0.00399949905972341	0.000461822371750993	0.000920201162761471	0.155631633
"D_2__Flavobacteriia"	"Point"	172	75	0.0741421275629123	0.00389768022513661	0.000450065345439541	0.000896774776461917	0.155631633
"D_2__Flavobacteriia"	"North"	206	75	0.031502691873481	0.00462470274297924	0.000534014674716212	0.00106404746643695	0.155631633
"D_2__Flavobacteriia"	"North"	214	75	0.0407363201075535	0.00343865192783082	0.000397061323236509	0.00079116195680284	0.155631633
"D_2__Gammaproteobacteria"	"Point"	199	246	0.0302289968882478	0.00213453780022105	0.000136093159457439	0.000268061868810881	0.007805546
"D_2__Gammaproteobacteria"	"South"	172	246	0.0225454043504406	0.00129123800143025	8.23263280734376e-05	0.000162157667906923	0.007805546
"D_2__Gammaproteobacteria"	"North"	214	246	0.054357562301001	0.0233888059468002	0.00149121580180371	0.00293723869903124	0.007805546
"D_2__Gammaproteobacteria"	"South"	178	246	0.145390842067514	0.0218264237683982	0.00139160195241829	0.00274102990549483	0.007805546
"D_2__Gammaproteobacteria"	"South"	185	246	0.149453401557774	0.0139325018296558	0.000888303872130089	0.00174968673652993	0.007805546
"D_2__Gammaproteobacteria"	"North"	206	246	0.135353187491811	0.0868480978733536	0.00553723247778959	0.0109066531481384	0.007805546
"D_2__Gammaproteobacteria"	"North"	199	246	0.0229427504682533	0.000462953220977457	2.95168192932892e-05	5.81390995157743e-05	0.007805546
"D_2__Gammaproteobacteria"	"Point"	214	246	0.035561019778446	0.00228432917911125	0.000145643508957242	0.00028687313415971	0.007805546
"D_2__Gammaproteobacteria"	"Point"	206	164	0.0429981571236735	0.00963007822987334	0.000751982772220444	0.00148488369656903	0.007805546
"D_2__Gammaproteobacteria"	"North"	172	246	0.0440510884470803	0.0231793543988917	0.00147786165885756	0.00291093512485613	0.007805546
"D_2__Gammaproteobacteria"	"North"	178	246	0.0326899534150241	0.0041110916843922	0.00026211363232368	0.000516283628079539	0.007805546
"D_2__Gammaproteobacteria"	"Point"	172	246	0.0179802325579651	0.00491414185686313	0.000313314241262576	0.00061713315623461	0.007805546
"D_2__Gammaproteobacteria"	"South"	199	246	0.144571022435146	0.0131417660634639	0.000837888401059066	0.00165038368965999	0.007805546
"D_2__Gammaproteobacteria"	"North"	185	246	0.031503672539165	0.000934263075016141	5.95664380505238e-05	0.000117327650896551	0.007805546
"D_2__Gammaproteobacteria"	"South"	214	246	0.114875891232532	0.00172926747289856	0.000110254067137801	0.000217166765756526	0.007805546
"D_2__Gammaproteobacteria"	"Point"	185	246	0.0230216088297075	0.0067119765535142	0.000427939994914778	0.000842910806341074	0.007805546
"D_2__Gammaproteobacteria"	"South"	206	164	0.0850348204423462	0.000572003303876289	4.46659538895358e-05	8.81984922692253e-05	0.007805546
"D_2__Gammaproteobacteria"	"Point"	178	246	0.0655350068552868	0.0062978049360708	0.000401533377065409	0.000790897851701054	0.007805546
"D_2__Gemmatimonadetes"	"South"	178	12	0.00165525023840531	0.000583447485002173	0.000168426781262007	0.000370704846119679	0
"D_2__Gemmatimonadetes"	"Point"	199	12	0.00317659551638939	0.000283901127497957	8.1955196192092e-05	0.000180382170611193	0
"D_2__Gemmatimonadetes"	"North"	206	12	0.00258212404812828	0.00117992331951778	0.000340614523073353	0.000749687510596142	0
"D_2__Gemmatimonadetes"	"North"	214	12	0.002337318239563	0.000633238190795892	0.00018280011995858	0.000402340351291806	0
"D_2__Gemmatimonadetes"	"South"	185	12	0.00201267220976959	0.000618668827729453	0.000178594307114415	0.000393083419635676	0
"D_2__Gemmatimonadetes"	"North"	178	12	0.00113820144567023	0.000612711543849199	0.000176874587388463	0.000389298342039339	0
"D_2__Gemmatimonadetes"	"North"	199	12	0.00363321755871944	0.00105959119725175	0.000305877631482128	0.000673232127696143	0
"D_2__Gemmatimonadetes"	"Point"	206	8	0.00121804955358407	0.000275314798185895	9.7338480379126e-05	0.00023016893131767	0
"D_2__Gemmatimonadetes"	"South"	172	12	0.000403839302304962	3.77214896675732e-05	1.08892561069035e-05	2.3967091095732e-05	0
"D_2__Gemmatimonadetes"	"North"	185	12	0.00244496118729631	0.00015986807985856	4.61499394705842e-05	0.000101575331913883	0
"D_2__Gemmatimonadetes"	"South"	206	8	0.00210946835118669	6.26509880873226e-05	2.21504692622917e-05	5.23775368017755e-05	0
"D_2__Gemmatimonadetes"	"Point"	172	12	0.000594289508207336	0.000379357007876141	0.00010951093530813	0.000241031943480951	0
"D_2__Gemmatimonadetes"	"Point"	178	12	0.000355241330895448	0.000125093331575229	3.61113343293929e-05	7.94805109701014e-05	0
"D_2__Gemmatimonadetes"	"South"	199	12	0.00161406310454213	0.000276818144933144	7.99105152468617e-05	0.000175881858193619	0
"D_2__Gemmatimonadetes"	"North"	172	12	0.00169089933598478	0.000274155662444121	7.91419227559866e-05	0.000174190197527045	0
"D_2__Gemmatimonadetes"	"South"	214	12	0.00457997078771075	0.000550021073148184	0.000158777407321036	0.000349466717271425	0
"D_2__Gemmatimonadetes"	"Point"	214	12	0.00241402305679629	0.000297050151542313	8.57509924778867e-05	0.000188736661906958	0
"D_2__Gemmatimonadetes"	"Point"	185	12	0.00161947564774321	0.000760521721131921	0.000219543710210036	0.000483212448163749	0
"D_2__Nitrospira"	"South"	199	12	0.000427172740867133	0.000112348845104114	3.24323179820018e-05	7.13830505857591e-05	0
"D_2__Nitrospira"	"South"	206	8	0.000741556372816092	0.000281980899826663	9.96953032162589e-05	0.000235741931755062	0
"D_2__Nitrospira"	"North"	172	12	0.000337159358805466	0.000310979035029892	8.97719147934191e-05	0.000197586652253326	0
"D_2__Nitrospira"	"North"	199	12	0.000230044013478652	0.00010651280373993	3.07475979556952e-05	6.76750068089491e-05	0
"D_2__Nitrospira"	"Point"	199	12	9.58865016926081e-05	1.15531278814935e-05	3.33510074618121e-06	7.34050724975539e-06	0
"D_2__Nitrospira"	"South"	172	12	9.43326589301771e-05	9.77843943534472e-06	2.82279232012536e-06	6.21292400661657e-06	0
"D_2__Nitrospira"	"South"	185	12	0.000662442770804228	0.000223827280300159	6.46133702666392e-05	0.000142213069100379	0
"D_2__Nitrospira"	"North"	206	12	0.000572313673166273	0.000577658969190311	0.000166755780680914	0.000367026998638187	0
"D_2__Nitrospira"	"North"	214	12	0.000178558712069009	5.23787120696904e-05	1.51204317566208e-05	3.32798459105008e-05	0
"D_2__Nitrospira"	"South"	178	12	0.000261973900204629	0.000102055810341632	2.94609747865534e-05	6.4843168307038e-05	0
"D_2__Nitrospira"	"Point"	206	8	0.000152787193676835	1.88434476350269e-06	6.66216480183056e-07	1.57535164585164e-06	0
"D_2__Nitrospira"	"North"	185	12	0.000525145218168597	0.000199153314640027	5.7490609908713e-05	0.000126535979253695	0
"D_2__Nitrospira"	"North"	178	12	0.000407561404578845	0.000488647271268867	0.000141060316802928	0.00031047166396107	0
"D_2__Nitrospira"	"Point"	214	12	0.000199099684687838	1.96690459223178e-05	5.67796447897666e-06	1.24971155577551e-05	0
"D_2__Nitrospira"	"South"	214	12	0.00171360358553071	0.000762014972842266	0.000219974774848504	0.000484161215036056	0
"D_2__Nitrospira"	"Point"	172	12	3.96707361124893e-05	2.92996753865135e-05	8.4580877357861e-06	1.86161255892183e-05	0
"D_2__Nitrospira"	"Point"	185	12	6.58439343172515e-05	1.01125578320029e-05	2.91924399325126e-06	6.42521270783268e-06	0
"D_2__Nitrospira"	"Point"	178	12	2.11079307462528e-05	2.44701556586497e-05	7.06392547831672e-06	1.55475951497683e-05	0
"D_2__Solibacteres"	"South"	199	21	0.0145314728143836	0.00103167678363838	0.000225130331131022	0.000469613641610173	0.005203697
"D_2__Solibacteres"	"North"	206	21	0.0171034221538367	0.00505277231949898	0.00110260531540389	0.00229999438469356	0.005203697
"D_2__Solibacteres"	"South"	178	21	0.0239537017056949	0.00605914582474506	0.00132221401850809	0.00275809011207039	0.005203697
"D_2__Solibacteres"	"North"	172	21	0.0106233947270146	0.0033992626720579	0.000741779928654436	0.00154732581708863	0.005203697
"D_2__Solibacteres"	"North"	178	21	0.00972035640874984	0.00544532842491704	0.00118826808052748	0.00247868378153308	0.005203697
"D_2__Solibacteres"	"Point"	199	21	0.0135995146170817	0.00175872651952255	0.0003837855905923	0.00080056271356288	0.005203697
"D_2__Solibacteres"	"South"	206	14	0.0078518660959347	0.000308796927697379	8.25294503951426e-05	0.000178294037868767	0.005203697
"D_2__Solibacteres"	"North"	185	21	0.0354030023577285	0.00413552470071962	0.00090244547520987	0.00188246827443826	0.005203697
"D_2__Solibacteres"	"North"	214	21	0.0119534968097589	0.00151442060105611	0.000330473668492388	0.000689355992758978	0.005203697
"D_2__Solibacteres"	"South"	172	21	0.00184373062020125	0.000668605915672073	0.000145901772317264	0.000304345763945119	0.005203697
"D_2__Solibacteres"	"South"	185	21	0.0295627821140899	0.00117835583694236	0.000257138324684828	0.000536381146183733	0.005203697
"D_2__Solibacteres"	"South"	214	21	0.00936072051431214	0.00120921688320188	0.000263872757090057	0.000550428926019124	0.005203697
"D_2__Solibacteres"	"North"	199	21	0.0179758562704618	0.00181290160395439	0.000395607563220373	0.000825222916339618	0.005203697
"D_2__Solibacteres"	"Point"	206	14	0.0053982270655555	0.0004162574086173	0.000111249471982307	0.000240339872318612	0.005203697
"D_2__Solibacteres"	"Point"	178	21	0.00209452656116946	0.000410035801568838	8.94771475395758e-05	0.00018664605913317	0.005203697
"D_2__Solibacteres"	"Point"	185	21	0.0124157652322237	0.0020386098756818	0.000444861146085541	0.000927964089843239	0.005203697
"D_2__Solibacteres"	"Point"	172	21	0.00170360411066357	0.000818906492187074	0.00017870004702562	0.000372761766120135	0.005203697
"D_2__Solibacteres"	"Point"	214	21	0.00479366427701553	0.000211031309278725	4.60508070845425e-05	9.60603002954476e-05	0.005203697
"D_2__Sphingobacteriia"	"South"	199	111	0.241305301387656	0.00409614681117733	0.000388789049760507	0.000770488640888607	0.008695652
"D_2__Sphingobacteriia"	"Point"	199	111	0.354643922994991	0.0212786975942225	0.00201968459607558	0.00400254081336013	0.008695652
"D_2__Sphingobacteriia"	"South"	178	111	0.252038264298188	0.00433994171669194	0.000411929038149798	0.000816346666507451	0.008695652
"D_2__Sphingobacteriia"	"South"	206	74	0.241008473878402	0.00678993989189697	0.000789314479645486	0.0015731014893567	0.008695652
"D_2__Sphingobacteriia"	"Point"	172	111	0.274396626772911	0.0651147136575841	0.00618041511092304	0.0122481320959936	0.008695652
"D_2__Sphingobacteriia"	"Point"	178	111	0.306973859115508	0.0202351112010314	0.00192063175913999	0.00380624134002445	0.008695652
"D_2__Sphingobacteriia"	"Point"	214	111	0.355747508545019	0.00832975346110276	0.000790625210025274	0.0015668335924067	0.008695652
"D_2__Sphingobacteriia"	"South"	185	111	0.312281090843195	0.00230832968367462	0.00021909695760926	0.000434198744010859	0.008695652
"D_2__Sphingobacteriia"	"North"	172	111	0.207197427402786	0.0169889565505672	0.00161252039494627	0.00319563693543489	0.008695652
"D_2__Sphingobacteriia"	"North"	199	111	0.306631762652176	0.010339214101351	0.000981354773409431	0.00194481481939769	0.008695652
"D_2__Sphingobacteriia"	"North"	214	111	0.345345223755033	0.0241341441008865	0.00229071158439994	0.00453965268934224	0.008695652
"D_2__Sphingobacteriia"	"South"	172	111	0.24308844087867	0.0226413692067474	0.00214902366173687	0.00425886048331111	0.008695652
"D_2__Sphingobacteriia"	"North"	206	111	0.257374596837511	0.002348388226308	0.000222899146213127	0.000441733789382122	0.008695652
"D_2__Sphingobacteriia"	"North"	178	111	0.299468320599615	0.0188589990809071	0.0017900169769532	0.00354739349935339	0.008695652
"D_2__Sphingobacteriia"	"Point"	206	74	0.393491027790886	0.00685423850969716	0.000796789042139249	0.00158799827092405	0.008695652
"D_2__Sphingobacteriia"	"North"	185	111	0.293476928107645	0.00426380393455118	0.000404702359680022	0.000802025086010915	0.008695652
"D_2__Sphingobacteriia"	"Point"	185	111	0.30284925745552	0.0174607831196547	0.00165730419101206	0.00328438790768017	0.008695652
"D_2__Sphingobacteriia"	"South"	214	111	0.243614774601265	0.00142483286489927	0.000135239150633008	0.000268012253509566	0.008695652
"D_2__Verrucomicrobiae"	"South"	199	36	0.00702450365730133	0.000240115416258272	4.00192360430453e-05	8.12433683735081e-05	0.001095515
"D_2__Verrucomicrobiae"	"South"	178	36	0.00158973979166058	0.00059828856300735	9.9714760501225e-05	0.000202431725857121	0.001095515
"D_2__Verrucomicrobiae"	"Point"	172	36	0.0011807589465553	0.000463763514585369	7.72939190975615e-05	0.0001569149979655	0.001095515
"D_2__Verrucomicrobiae"	"Point"	214	36	0.00337652420382544	0.000429143370401697	7.15238950669495e-05	0.00014520122643476	0.001095515
"D_2__Verrucomicrobiae"	"North"	206	36	0.00242500915597408	0.000775363311879763	0.000129227218646627	0.000262345201120258	0.001095515
"D_2__Verrucomicrobiae"	"North"	199	36	0.00235124108901826	0.00025709117199592	4.28485286659866e-05	8.69871377586815e-05	0.001095515
"D_2__Verrucomicrobiae"	"Point"	199	36	0.00267360815709289	0.000190251411738817	3.17085686231361e-05	6.43718165552987e-05	0.001095515
"D_2__Verrucomicrobiae"	"South"	172	36	0.00147826959197804	0.000462846053384216	7.71410088973693e-05	0.00015660457375578	0.001095515
"D_2__Verrucomicrobiae"	"North"	172	36	0.00278694682039017	0.000447642407828019	7.46070679713365e-05	0.000151460400192122	0.001095515
"D_2__Verrucomicrobiae"	"North"	178	36	0.00158631172690072	0.000229144104741861	3.81906841236435e-05	7.75312106247132e-05	0.001095515
"D_2__Verrucomicrobiae"	"Point"	178	36	0.000814715224910967	0.000214549824640801	3.57583041068001e-05	7.25932166680017e-05	0.001095515
"D_2__Verrucomicrobiae"	"Point"	206	24	0.00361302860528647	0.00041398357138602	8.45040426492337e-05	0.000174809930937513	0.001095515
"D_2__Verrucomicrobiae"	"South"	206	24	0.00488678309517076	0.000295426490282082	6.03036798076995e-05	0.000124747666170471	0.001095515
"D_2__Verrucomicrobiae"	"North"	185	36	0.000982603778204758	0.000207050753458032	3.4508458909672e-05	7.00558960242263e-05	0.001095515
"D_2__Verrucomicrobiae"	"North"	214	36	0.0013713198051096	0.000128576532268448	2.14294220447413e-05	4.35040395908519e-05	0.001095515
"D_2__Verrucomicrobiae"	"Point"	185	36	0.00164833575534843	0.000198340485331874	3.30567475553123e-05	6.71087652942097e-05	0.001095515
"D_2__Verrucomicrobiae"	"South"	185	36	0.0021514272206766	0.000366946730918709	6.11577884864514e-05	0.000124156911280603	0.001095515
"D_2__Verrucomicrobiae"	"South"	214	36	0.00525604913831897	0.000298338093432795	4.97230155721326e-05	0.000100943088129502	0.001095515
